#Simulation Result Title : test
#Thu Jan 28 21:09:45 KST 2016
DM0500VDE008003_3=0.0,6.386272170378794,6.242879378014954,10.56362689849432,18.88033882817666,16.62359479861948,12.729266608240302,14.57242984575131,14.516976138259245,14.780105831776531,18.807848980808277,14.849282516763134,19.219946093832874,16.892969898922995,16.75994306002007,16.840594095721972,29.846555550934482,12.662436163972297,18.999264694330147,23.0896105457647,12.47674959433475,21.104836759514313,12.675278301314588,20.851022124058144,19.263215678828157,23.245067608084447,20.98535187015661,25.491261821379716,12.848205045327433,18.918297253926298,28.237016949437297,14.760668595599675,17.055980044404624,27.652390715013667,16.91896703399395,21.455996982034925,27.716559767220495,25.766260075837437,25.625370853161098,25.707153482676176,25.82886580246236,28.66020449058374,25.316470357760096,27.622635972124705,33.50201340360689,29.85353195979461,32.25356325555911,25.355301982601024,41.00590084019226,50.19239322698132,66.91518566920104,127.6612385325941,106.60817489632655,119.69839473628744,97.68774281503214,81.52955408800136,79.07866647849686,74.40525186618736,107.95650190244591,133.8828722785845
DM0500VDE008003_2=-1.0,360.0,360.0,600.0,1080.0,960.0,720.0,840.0,840.0,840.0,1080.0,840.0,1080.0,960.0,960.0,960.0,1680.0,720.0,1080.0,1320.0,720.0,1200.0,720.0,1200.0,1080.0,1320.0,1200.0,1440.0,720.0,1080.0,1560.0,840.0,960.0,1560.0,960.0,1200.0,1560.0,1440.0,1440.0,1440.0,1440.0,1560.0,1440.0,1560.0,1920.0,1680.0,1800.0,1440.0,2280.0,2040.0,1440.0,1200.0,600.0,960.0,1080.0,1080.0,1680.0,720.0,1200.0,1200.0
DM0500VDE008003_1=-1.0,56.37091411007731,57.66569850248637,56.79867395596115,57.202363253578284,57.749242064040445,56.562567362200376,57.64309788356316,57.86328998545325,56.833151911134465,57.422834535838895,56.56838968830558,56.191624821806386,56.82837332594812,57.279430876470435,57.00511481622073,56.28790220476211,56.86109613318918,56.84430515473048,57.168569274206575,57.70733752057719,56.85900410762597,56.803486510061624,57.551135520374636,56.06540558994041,56.78624051585527,57.18274382172867,56.48994585243564,56.03895621683325,57.0875901516907,55.24662901868915,56.90799129860646,56.28524409038208,56.414652030538875,56.74105269376951,55.92841949990756,56.28404149366917,55.88703970858286,56.19430868928729,56.01553672484211,55.751576976435395,54.430874717329225,56.87996705901801,56.4754211572809,57.309988413809464,56.274748403724836,55.807787367175884,56.792855434659685,55.60175373016656,40.6436088985568,21.519778890231592,9.399877470980508,5.628086219311823,8.02015768143772,11.05563470787668,13.246730122358693,21.244667807553725,9.676736277902394,11.115588027151631,8.963058377646924
DM0500VDE008003_0=-1.0,3.0,3.0,5.0,9.0,8.0,6.0,7.0,7.0,7.0,9.0,7.0,9.0,8.0,8.0,8.0,14.0,6.0,9.0,11.0,6.0,10.0,6.0,10.0,9.0,11.0,10.0,12.0,6.0,9.0,13.0,7.0,8.0,13.0,8.0,10.0,13.0,12.0,12.0,12.0,12.0,13.0,12.0,13.0,16.0,14.0,15.0,12.0,19.0,17.0,12.0,10.0,5.0,8.0,9.0,9.0,14.0,6.0,10.0,10.0
DM0500VDE008002_3=0.0,8.201314351185943,4.2499489047727375,10.51132469782936,22.994521573445777,18.894954403589967,17.154158579034767,14.698563657090043,24.946869649255504,18.586391442968843,21.152641823672237,17.043747628695993,16.923681385159515,19.079183783468185,20.935695559817386,14.655002237643048,25.432521835422033,12.402345850788011,23.12777456671576,23.042783047422137,10.679386084438594,23.175395647122773,18.82515402021782,18.712808496053103,31.518302949146022,16.773797810985915,18.831941512994977,19.058459609115403,16.5889009014184,23.19778836237868,32.38186707319999,14.448232640290188,23.440425193600635,31.907902111686987,19.439967612693053,23.262454038258433,23.15809756182119,25.53664688308587,33.62033473515677,23.113658554845276,23.781572128901303,25.828690878576886,25.38094610155806,25.622847664751248,30.123473180273926,31.992642787889313,31.80513349112605,21.03609094332449,43.33514646424572,54.301284426976885,53.026863436812604,115.65415642640596,80.014405167762,113.92605766350623,85.57442998201417,95.36568756394784,83.26701737490056,96.28657841804765,134.4905168441757,97.56894502170321
DM0500VDE008002_2=-1.0,480.0,240.0,600.0,1320.0,1080.0,960.0,840.0,1440.0,1080.0,1200.0,960.0,960.0,1080.0,1200.0,840.0,1440.0,720.0,1320.0,1320.0,600.0,1320.0,1080.0,1080.0,1800.0,960.0,1080.0,1080.0,960.0,1320.0,1800.0,840.0,1320.0,1800.0,1080.0,1320.0,1320.0,1440.0,1920.0,1320.0,1320.0,1440.0,1440.0,1440.0,1680.0,1800.0,1800.0,1200.0,2280.0,2040.0,1200.0,960.0,600.0,1200.0,960.0,960.0,1800.0,840.0,1200.0,1320.0
DM0500VDE008002_1=-1.0,58.52720423167173,56.47126715581862,57.08129253431805,57.40497778063557,57.15811623206692,55.96310629734294,57.14844114001677,57.72267303456946,58.107029721929145,56.73050250664492,56.32564039986604,56.72524660277699,56.60619512118769,57.3183726602904,57.31831264019626,56.62041732701433,58.0535334736092,57.074233242469965,57.28474712813269,56.18300483342264,56.95695642477103,57.37004854462825,57.71447937533231,57.109673795072474,57.2321194530706,57.34937097456183,56.66774871372347,57.8700183758357,56.90197614444692,55.58666509040558,58.138598741660964,56.312971675973145,56.412358095479725,55.55564811202819,56.74379830387075,56.99950077834429,56.38954897221766,57.10829517685488,57.109089712813585,55.50516142689442,55.75195455199708,56.73547369897306,56.19984237665255,55.770461458612026,56.26293557346825,56.594637482097596,57.04481898433717,52.61318320179549,37.568172125713616,22.630039233414838,8.300609590377112,7.498649758652976,10.533147768040378,11.218304348644455,10.066513696095026,21.617202786256875,8.723957313686753,8.922562186227243,13.528894872301628
DM0500VDE008002_0=-1.0,4.0,2.0,5.0,11.0,9.0,8.0,7.0,12.0,9.0,10.0,8.0,8.0,9.0,10.0,7.0,12.0,6.0,11.0,11.0,5.0,11.0,9.0,9.0,15.0,8.0,9.0,9.0,8.0,11.0,15.0,7.0,11.0,15.0,9.0,11.0,11.0,12.0,16.0,11.0,11.0,12.0,12.0,12.0,14.0,15.0,15.0,10.0,19.0,17.0,10.0,8.0,5.0,10.0,8.0,8.0,15.0,7.0,10.0,11.0
DM0500VDE008001_3=0.0,8.226654618807517,6.2752470507841736,16.53978775114118,18.93792851676783,21.100074528341896,19.09477231716307,10.587667789798061,15.088665023759757,12.656003016649183,23.067884464131517,14.669063914858539,16.82096772251302,18.983386927536667,16.798433568917137,14.773486111853105,21.06781246273018,14.487037589743974,19.273652036337463,20.96783506890495,14.796245946754993,22.879739737161888,18.56763383428207,19.278554557698154,25.9405120094323,21.369028984547622,18.927665825967473,20.66433798765394,18.912427059943372,23.595151815277696,29.543178634299778,16.932734383160977,22.901334160983545,23.149469879580867,21.207278694000166,23.268032043773374,27.1552519761778,29.426057336927453,29.784132706346707,23.2177941611359,25.362720524185015,19.359760755254168,20.78081951037877,32.104066188885724,33.763319317773124,27.877728544646775,31.94523149614613,23.146653131202342,39.637291743551444,44.215592155575884,65.08279001782593,91.26082978049375,87.2909223324728,104.91636581738909,120.01461128757643,127.46372315630062,87.40898370061797,87.14197594439952,101.54468655558107,79.55062337951216
DM0500VDE008001_2=-1.0,480.0,360.0,960.0,1080.0,1200.0,1080.0,600.0,840.0,720.0,1320.0,840.0,960.0,1080.0,960.0,840.0,1200.0,840.0,1080.0,1200.0,840.0,1320.0,1080.0,1080.0,1440.0,1200.0,1080.0,1200.0,1080.0,1320.0,1680.0,960.0,1320.0,1320.0,1200.0,1320.0,1560.0,1680.0,1680.0,1320.0,1440.0,1080.0,1200.0,1800.0,1920.0,1560.0,1800.0,1320.0,2040.0,1920.0,1440.0,1080.0,720.0,1320.0,840.0,1200.0,1560.0,960.0,1200.0,1560.0
DM0500VDE008001_1=-1.0,58.346924994594914,57.368259303036254,58.04185727436337,57.02841253433591,56.87183703489503,56.5599831231953,56.66970402850577,55.6709290502024,56.88999908208207,57.22241248661017,57.26336764741682,57.07162725930121,56.891849917118215,57.1481856365661,56.85861777241926,56.95892737429901,57.982868809194905,56.03504711840955,57.23051502725647,56.77115688822561,57.692963956929134,58.16573127406026,56.02079744971042,55.51162596468403,56.15603782781821,57.059333672211885,58.07105946084258,57.1053094654068,55.94369599034786,56.86591889098594,56.69491874594614,57.63856335710137,57.0207441840521,56.58434621974845,56.73019521018056,57.44745073139165,57.09225604925769,56.40587277003397,56.8529460998297,56.77624364574241,55.78581335034794,57.745557118220106,56.06766412109975,56.86644674741164,55.95864804772838,56.34643781552035,57.02768311763409,51.46668478761256,43.42359575880689,22.125664858645266,11.834211924192267,8.24828035677835,12.581449897888286,6.999147778658467,9.414443343448525,17.84713577431711,11.016504842769724,11.817457325481753,19.610154310893428
DM0500VDE008001_0=-1.0,4.0,3.0,8.0,9.0,10.0,9.0,5.0,7.0,6.0,11.0,7.0,8.0,9.0,8.0,7.0,10.0,7.0,9.0,10.0,7.0,11.0,9.0,9.0,12.0,10.0,9.0,10.0,9.0,11.0,14.0,8.0,11.0,11.0,10.0,11.0,13.0,14.0,14.0,11.0,12.0,9.0,10.0,15.0,16.0,13.0,15.0,11.0,17.0,16.0,12.0,9.0,6.0,11.0,7.0,10.0,13.0,8.0,10.0,13.0
DM0500VDE005003_3=0.0,2.09803742610557,6.35292390126005,2.0544452698726676,2.022201769202377,0.0,0.0,0.0,2.108762912669068,2.151638500687389,2.0428254400254504,0.0,2.0475127713521686,2.1799421188385417,0.0,4.0732075719903715,2.0389411444725503,0.0,0.0,2.1155709308285444,0.0,4.18849067750714,2.155485048067761,2.0864047124106135,4.206641038335554,0.0,6.249236787357156,4.107698563652208,2.0451425656501665,2.1347289620069305,4.258011057206402,0.0,6.311249411995525,2.0805376044489003,4.190623305726495,2.04478332416706,6.128422400741063,6.276439864056847,2.1597567028335845,4.31418541515093,6.354148533271155,2.110758196471298,4.111635649373278,8.60114214629138,16.639438913524643,4.057807769401293,8.21438741259934,4.127800864822537,8.557364965114138,4.260264042969615,6.2263015859412825,2.1309946887985065,6.167808791921283,4.066719779669274,6.256828284023397,6.236542101775879,4.099148564809187,4.187734099982981,2.0222430765685204,4.116789354829889
DM0500VDE005003_2=-1.0,120.0,360.0,120.0,120.0,-1.0,-1.0,-1.0,120.0,120.0,120.0,-1.0,120.0,120.0,-1.0,240.0,120.0,-1.0,-1.0,120.0,-1.0,240.0,120.0,120.0,240.0,-1.0,360.0,240.0,120.0,120.0,240.0,-1.0,360.0,120.0,240.0,120.0,360.0,360.0,120.0,240.0,360.0,120.0,240.0,480.0,960.0,240.0,480.0,240.0,480.0,240.0,360.0,120.0,360.0,240.0,360.0,360.0,240.0,240.0,120.0,240.0
DM0500VDE005003_1=-1.0,57.19631046942143,56.66682075769819,58.40992785728358,59.34125952591366,-1.0,-1.0,-1.0,56.9054013986407,55.77145043726598,58.742170353285296,-1.0,58.60769304054329,55.04733312090652,-1.0,58.92162276491205,58.854077433923464,-1.0,-1.0,56.72227683380158,-1.0,57.29987684796295,55.6719241024527,57.515207517602406,57.05264552236696,-1.0,57.60703462674302,58.42687730878989,58.67561607464323,56.21322525515556,56.3643440037141,-1.0,57.04100353184636,57.67740017935701,57.27071666690717,58.68592460713745,58.7426871810383,57.35735668585056,55.56181390364984,55.630432377140586,56.6558993884063,56.851609151921046,58.370930808663054,55.80654194942764,57.69425309285554,59.145236452492334,58.43405915622745,58.142339676630236,56.09203323182066,56.33453644640959,57.81923587075581,56.31173115107958,58.367568150221366,59.01562266469168,57.537139211451276,57.724295631306425,58.54874401488589,57.310228937643245,59.34004739114951,58.297857702733275
DM0500VDE007003_3=0.0,0.0,6.322888530411359,10.589678739070207,14.911103705563423,2.0544452698726676,10.331448990824898,8.206937233506563,10.52536887307785,12.584300771703134,10.40854553710776,6.379892512011077,10.515254441399227,6.497551303488947,8.368621222276927,8.374223464029981,6.220934640587632,10.316861854598095,10.304899697703032,6.160723397985575,8.386259769060041,10.373978667968103,10.414865443710674,15.008811152102153,6.418387620195778,8.333668398453158,10.526990473274227,8.486657789572709,16.812696346826772,12.690079149156105,6.336793176683294,16.80339002895319,12.874271160435082,4.125284004192152,17.174059796500536,16.762763399172446,14.545268694474096,14.398735058563805,20.91146531517917,17.13853680944783,12.554444519956384,12.586834366860856,21.04242102902746,8.390844118520269,16.77942191365759,17.291690344353572,21.15697381317307,25.218992894474347,21.208111047861312,14.801693046325962,17.324195562066272,19.42238607943625,14.627326503941562,18.654156513217902,14.940726023320755,8.581196320111498,19.274892157510777,13.193134621852357,12.819553552574948,12.638150941897926
DM0500VDE005003_0=-1.0,1.0,3.0,1.0,1.0,-1.0,-1.0,-1.0,1.0,1.0,1.0,-1.0,1.0,1.0,-1.0,2.0,1.0,-1.0,-1.0,1.0,-1.0,2.0,1.0,1.0,2.0,-1.0,3.0,2.0,1.0,1.0,2.0,-1.0,3.0,1.0,2.0,1.0,3.0,3.0,1.0,2.0,3.0,1.0,2.0,4.0,8.0,2.0,4.0,2.0,4.0,2.0,3.0,1.0,3.0,2.0,3.0,3.0,2.0,2.0,1.0,2.0
DM0500VDE007003_2=-1.0,-1.0,360.0,600.0,840.0,120.0,600.0,480.0,600.0,720.0,600.0,360.0,600.0,360.0,480.0,480.0,360.0,600.0,600.0,360.0,480.0,600.0,600.0,840.0,360.0,480.0,600.0,480.0,960.0,720.0,360.0,960.0,720.0,240.0,960.0,960.0,840.0,840.0,1200.0,960.0,720.0,720.0,1200.0,480.0,960.0,960.0,1200.0,1440.0,1200.0,840.0,960.0,1080.0,840.0,1080.0,840.0,480.0,1080.0,720.0,720.0,720.0
DM0500VDE007003_1=-1.0,-1.0,56.93600294683336,56.658942616108206,56.333858082322294,58.40992785728358,58.07510645726897,58.48710503600516,57.005128013584454,57.214144278797036,57.64494163578623,56.427282955355054,57.059960207692335,55.40548788074873,57.35711860422833,57.31874747094539,57.86911787357957,58.15721955534256,58.22472975003729,58.43469617832742,57.236481246490165,57.83701887228951,57.60996176502,55.96712434364587,56.088853042661675,57.59768412300813,56.99634682137041,56.55936788092964,57.099704901361065,56.737234775078626,56.81106988384078,57.131328758415165,55.92549597779855,58.17781266843926,55.898256520314085,57.26979359783804,57.7507378958991,58.33845796755603,57.38478781441234,56.01411664680663,57.35020763805975,57.202627683386865,57.02765847830114,57.205210014632996,57.21293647301456,55.51799626769735,56.71888667049529,57.09982179008876,56.58212545624196,56.75026480896404,55.41382839743815,55.60593819847225,57.42676214779569,57.895943954085354,56.22216742940448,55.93625668195448,56.03144189728503,54.57383863933541,56.16420236844988,56.97035929623693
DM0500VDE009003_3=0.0,0.0,0.0,8.235016521264011,12.671362130800594,10.458840968685797,17.137976202848577,21.14936095459599,27.085216611945263,29.25507105143674,25.384370002018656,24.705717805563832,23.315516648965357,29.385732045845366,25.578088869408656,29.72338483162971,27.505365263560225,31.28404185342493,22.989039546751187,33.33069955400663,20.987728256667335,19.0549931749546,23.066948665544892,16.740578674649708,29.40268786013577,34.079929083551114,31.316559704798983,25.317683646747586,25.547243328234828,35.663898088279154,31.535646980158663,25.67085340445117,31.295184766790708,39.88010575729425,23.364570489062025,25.545249495442217,35.849603465163945,27.479527247380748,31.73758543596052,40.40602932376275,36.03027651879565,40.52107993046336,33.817999881166664,33.96462853296507,31.88908183154125,40.2261496995614,40.12843045796019,38.07221086472265,38.02042777915255,38.0521618313289,38.056189661310434,40.300692320381785,40.04257856415898,35.887542527026035,33.66498150301376,29.708156594175602,31.369766637167178,29.359531315955817,34.31332689308601,33.587189458341804
DM0500VDE007003_0=-1.0,-1.0,3.0,5.0,7.0,1.0,5.0,4.0,5.0,6.0,5.0,3.0,5.0,3.0,4.0,4.0,3.0,5.0,5.0,3.0,4.0,5.0,5.0,7.0,3.0,4.0,5.0,4.0,8.0,6.0,3.0,8.0,6.0,2.0,8.0,8.0,7.0,7.0,10.0,8.0,6.0,6.0,10.0,4.0,8.0,8.0,10.0,12.0,10.0,7.0,8.0,9.0,7.0,9.0,7.0,4.0,9.0,6.0,6.0,6.0
DM0500VDE009003_2=-1.0,-1.0,-1.0,480.0,720.0,600.0,960.0,1200.0,1560.0,1680.0,1440.0,1440.0,1320.0,1680.0,1440.0,1680.0,1560.0,1800.0,1320.0,1920.0,1200.0,1080.0,1320.0,960.0,1680.0,1920.0,1800.0,1440.0,1440.0,2040.0,1800.0,1440.0,1800.0,2280.0,1320.0,1440.0,2040.0,1560.0,1800.0,2280.0,2040.0,2280.0,1920.0,1920.0,1800.0,2280.0,2280.0,2160.0,2160.0,2160.0,2160.0,2280.0,2280.0,2040.0,1920.0,1680.0,1800.0,1680.0,1920.0,1920.0
DM0500VDE009003_1=-1.0,-1.0,-1.0,58.28767905450707,56.82104201330323,57.36773336514293,56.01594894503555,56.739303025570926,57.59599497949005,57.42594154176542,56.72782109169879,58.28610248578594,56.61465794962669,57.17060229702608,56.29818581646408,56.52115361411505,56.716207367248664,57.53732233301365,57.41866672227037,57.60455153030834,57.17626916666346,56.67805756128659,57.224733931613784,57.34568790347313,57.137633402480446,56.338145402030776,57.47757790023679,56.87724122364521,56.36615980435397,57.20070181196599,57.07826451547067,56.094745948349065,57.516835686175384,57.17136293157842,56.49579565855703,56.370559240649605,56.904395106694125,56.76953558757798,56.71508954680894,56.42722232691976,56.61904923032739,56.26700976165045,56.774498987128254,56.52939787451243,56.44565150883816,56.67954842878884,56.81757232913956,56.73429388366399,56.81156489208089,56.7641862129799,56.758178346897125,56.57471047580258,56.939390063175544,56.844237759209214,57.03255769880989,56.55012604617045,57.380088950593084,57.22162189581624,55.95493570129081,57.16465208800446
DM0500VDE009003_0=-1.0,-1.0,-1.0,4.0,6.0,5.0,8.0,10.0,13.0,14.0,12.0,12.0,11.0,14.0,12.0,14.0,13.0,15.0,11.0,16.0,10.0,9.0,11.0,8.0,14.0,16.0,15.0,12.0,12.0,17.0,15.0,12.0,15.0,19.0,11.0,12.0,17.0,13.0,15.0,19.0,17.0,19.0,16.0,16.0,15.0,19.0,19.0,18.0,18.0,18.0,18.0,19.0,19.0,17.0,16.0,14.0,15.0,14.0,16.0,16.0
DM0500VDE005002_3=0.0,4.121298127428322,4.073099952068307,2.0334993350737,4.254463137896867,2.036032555598342,0.0,2.076550318004218,2.0880143006682284,4.113433433417284,2.102922602834393,4.229875066898946,2.0366275610292113,4.114354955704283,0.0,6.347271789941138,4.087306477558937,0.0,2.06523091980768,4.200530831241491,2.0205924645477022,6.375191800763367,2.0568758204695636,2.145412734581675,4.146019537967151,4.170955764215044,4.093415460815748,4.164028390748366,2.126899079338601,2.0659285675181933,4.269018727126343,2.0835734125451983,4.103539372906325,4.178860181247417,4.1986392364428795,4.097896213337346,8.328583792950399,6.072969153000739,2.108022259049861,4.070455174951547,8.519501927932296,2.0237498640065827,6.37517072209648,6.427553967230541,14.792346038900172,2.062361604255419,8.407283543731443,6.3479959584964165,8.294202920862832,4.330962505417752,6.135695132263741,4.158514268928112,6.381218223871981,6.330108974033341,8.51210010062401,6.263867855399277,6.380433866831103,4.130875075675617,6.182462475371589,2.0407807084398635
DM0500VDE005002_2=-1.0,240.0,240.0,120.0,240.0,120.0,-1.0,120.0,120.0,240.0,120.0,240.0,120.0,240.0,-1.0,360.0,240.0,-1.0,120.0,240.0,120.0,360.0,120.0,120.0,240.0,240.0,240.0,240.0,120.0,120.0,240.0,120.0,240.0,240.0,240.0,240.0,480.0,360.0,120.0,240.0,480.0,120.0,360.0,360.0,840.0,120.0,480.0,360.0,480.0,240.0,360.0,240.0,360.0,360.0,480.0,360.0,360.0,240.0,360.0,120.0
DM0500VDE005002_1=-1.0,58.23407882160647,58.92317959890201,59.01157572576774,56.41134785307849,58.93815384731647,-1.0,57.788149393525195,57.47087075102711,58.34541968037079,57.06344105972316,56.739264447342535,58.920934929977044,58.332351628353244,-1.0,56.71728136339006,58.71837634826328,-1.0,58.10488253351094,57.13563586178145,59.38852198325965,56.468889290027874,58.340906536888184,55.93329342449265,57.886847324813914,57.54076848742772,58.6307454734077,57.63649463419407,56.42016641302805,58.085260974998945,56.21900847494153,57.5933630547788,58.48609655961956,57.43192870558268,57.16137693300126,58.566637002390756,57.63284754441549,59.27907600553495,56.925395111381334,58.9614649184429,56.34132183552392,59.295865627595994,56.469075997013256,56.00886462181107,56.786124242294626,58.18572250006757,57.09335215152734,56.71081115263807,57.87174543229845,55.41493367808556,58.67305859233253,57.71291968221665,56.41556006551364,56.871058851711936,56.39031429679872,57.472476800367076,56.422495321434475,58.09906995571568,58.229225237369945,58.801026246341586
DM0500VDE007002_3=0.0,0.0,8.225307784037456,10.404849806506515,12.83442909034317,6.349099679341432,12.655989400795441,10.401308190223558,10.329161250536712,12.46362902484212,10.570704067750754,10.775795146450971,12.775281896050902,14.589921096575313,8.364774217190492,8.284882106908452,10.321639734632106,12.5988702633253,14.780241101898925,8.364370429534645,8.326131457255398,8.136816007276844,14.494101787726214,16.797625087453568,10.209944762263946,8.56635299000032,14.547905015071919,8.498397269436458,18.888805169854866,14.49190654580568,6.281833443524557,18.98875899159231,12.879544824793149,6.296775036050939,20.721890991777567,19.98390674795208,14.53828927185089,12.533538420281207,12.72459098578942,21.078958301719094,10.624089280919154,12.714743861272016,17.247234051366465,12.78930129090864,19.07153079436517,16.955092860794682,19.510238749986872,23.705889453883717,19.117246518082496,12.6939667616539,23.318284212291626,12.765644648618451,16.536759449533175,14.603842969173614,16.64768643499557,8.65274500540362,23.544168920230216,17.088447624547893,10.637405415121362,16.874447329623656
DM0500VDE005002_0=-1.0,2.0,2.0,1.0,2.0,1.0,-1.0,1.0,1.0,2.0,1.0,2.0,1.0,2.0,-1.0,3.0,2.0,-1.0,1.0,2.0,1.0,3.0,1.0,1.0,2.0,2.0,2.0,2.0,1.0,1.0,2.0,1.0,2.0,2.0,2.0,2.0,4.0,3.0,1.0,2.0,4.0,1.0,3.0,3.0,7.0,1.0,4.0,3.0,4.0,2.0,3.0,2.0,3.0,3.0,4.0,3.0,3.0,2.0,3.0,1.0
DM0500VDE007002_2=-1.0,-1.0,480.0,600.0,720.0,360.0,720.0,600.0,600.0,720.0,600.0,600.0,720.0,840.0,480.0,480.0,600.0,720.0,840.0,480.0,480.0,480.0,840.0,960.0,600.0,480.0,840.0,480.0,1080.0,840.0,360.0,1080.0,720.0,360.0,1200.0,1080.0,840.0,720.0,720.0,1200.0,600.0,720.0,960.0,720.0,1080.0,960.0,1080.0,1320.0,1080.0,720.0,1320.0,720.0,960.0,840.0,960.0,480.0,1320.0,960.0,600.0,960.0
DM0500VDE007002_1=-1.0,-1.0,58.356478882348675,57.665416719883744,56.09910615671558,56.700952604565416,56.89006028677199,57.68505163263546,58.08796914355689,57.768086531211594,56.76064679839899,55.68034579774015,56.35883465104332,57.57399196608218,57.38349745454568,57.93685339224635,58.13029861784706,57.147981124616,56.83263176891472,57.38626762692348,57.64982242524258,58.9911335798586,57.954608867954995,57.15093621877775,58.76623370359512,56.033180112973845,57.74027250863566,56.48123814195728,57.17672400600542,57.9633878637671,57.30810968429852,56.875754780930855,55.90259669844843,57.17212349796384,57.90977283280562,54.04348677270908,57.778462396288425,57.44586850549151,56.583351150860736,56.928809423287966,56.47542901184,56.627172977747215,55.661098883501325,56.297055141848666,56.62890995195279,56.620155836469124,55.355550172379445,55.68236545470541,56.49349130788561,56.71985861621958,56.607938559398654,56.40138197626559,58.05248621591942,57.519106564834075,57.66567046709607,55.47372535539196,56.0648373052487,56.17830367580851,56.404731848151954,56.89075210864464
DM0500VDE009002_3=0.0,0.0,2.0830550580910336,14.717623016056441,14.441090830866939,10.61092786512495,25.034008552215646,25.009535885351,25.168146981169695,29.440183435864135,21.10715156103598,29.190154831052563,22.68056556666215,27.16310584110156,25.73691593941753,29.50475479537875,29.672939192269858,21.45040544071898,23.47856342291641,37.610988550602784,22.570731173955256,29.321379271852663,33.66925668157883,24.92511827895629,27.665847795950455,30.955343699624667,35.78631132044751,35.840030052014335,25.27827914490879,29.890793546655317,25.120054085029917,33.49470397173788,27.39128709782224,40.301733554370735,24.783268907809948,27.18292517802308,36.14619553940868,29.828884566956962,36.015854130753546,39.88180002053078,35.7668713542742,37.57947970017686,31.58461033306071,38.065762756852905,36.42496745166715,40.22442101237116,40.756117676423756,42.664175518177,36.20419977958759,40.3598701021168,38.231877564183584,37.799138153793606,43.21114080428163,34.616329238564845,33.61988543901496,27.60993694899962,33.584837798747074,23.265551430068097,34.5099632167404,38.391052482007225
DM0500VDE007002_0=-1.0,-1.0,4.0,5.0,6.0,3.0,6.0,5.0,5.0,6.0,5.0,5.0,6.0,7.0,4.0,4.0,5.0,6.0,7.0,4.0,4.0,4.0,7.0,8.0,5.0,4.0,7.0,4.0,9.0,7.0,3.0,9.0,6.0,3.0,10.0,9.0,7.0,6.0,6.0,10.0,5.0,6.0,8.0,6.0,9.0,8.0,9.0,11.0,9.0,6.0,11.0,6.0,8.0,7.0,8.0,4.0,11.0,8.0,5.0,8.0
DM0500VDE009002_2=-1.0,-1.0,120.0,840.0,840.0,600.0,1440.0,1440.0,1440.0,1680.0,1200.0,1680.0,1320.0,1560.0,1440.0,1680.0,1680.0,1200.0,1320.0,2160.0,1320.0,1680.0,1920.0,1440.0,1560.0,1800.0,2040.0,2040.0,1440.0,1680.0,1440.0,1920.0,1560.0,2280.0,1440.0,1560.0,2040.0,1680.0,2040.0,2160.0,2040.0,2160.0,1800.0,2160.0,2040.0,2280.0,2280.0,2400.0,2040.0,2280.0,2160.0,2160.0,2400.0,1920.0,1920.0,1560.0,1920.0,1320.0,1920.0,2160.0
DM0500VDE009002_1=-1.0,-1.0,57.60769478170738,57.07443376444605,58.16735105664954,56.545479116112595,57.52175074145495,57.5780376973513,57.215177624216004,57.06486182940756,56.8527684339564,57.553651555585844,58.199606889003235,57.43084053516085,55.950759733203284,56.939974985426204,56.61724270434455,55.942998528226326,56.22149772211383,57.43002466138004,58.48281962274975,57.296076846314385,57.025315947960124,57.77304580398959,56.38721110250388,58.14828022800551,57.00503697441398,56.91959512978547,56.9659030879887,56.204596822689126,57.32471734040397,57.32249497174406,56.95241681885145,56.5732488138276,58.103715266802965,57.388967146965946,56.43747480356193,56.32124782369586,56.64172207589175,54.160042898967745,57.036020282389515,57.47817737853976,56.98978018151699,56.74390432675986,56.005540779326914,56.68198429254651,55.94252176082303,56.25328442073103,56.347053999800856,56.49175763527589,56.497356070828516,57.144160039088554,55.54123208342126,55.465153071776164,57.1090583720994,56.501396684881705,57.16865484077544,56.73624388262077,55.63610682345292,56.263109770494815
DM0500VDE009002_0=-1.0,-1.0,1.0,7.0,7.0,5.0,12.0,12.0,12.0,14.0,10.0,14.0,11.0,13.0,12.0,14.0,14.0,10.0,11.0,18.0,11.0,14.0,16.0,12.0,13.0,15.0,17.0,17.0,12.0,14.0,12.0,16.0,13.0,19.0,12.0,13.0,17.0,14.0,17.0,18.0,17.0,18.0,15.0,18.0,17.0,19.0,19.0,20.0,17.0,19.0,18.0,18.0,20.0,16.0,16.0,13.0,16.0,11.0,16.0,18.0
DM0500VDE005001_3=0.0,6.263297099594176,6.372030143464384,4.234874771544849,4.200317994189095,2.17179734333755,4.221657206100036,4.129335797038565,4.2192472318952206,2.158238839965917,4.331067360342284,4.178515482720878,6.205771335986153,4.094009601105505,4.121342965060739,6.333925388683927,4.234853206334338,4.2102894119674135,4.081574529796121,4.105371720518095,2.0019892391221563,8.384216753581672,2.0346121602180007,6.207710321703134,6.140772505510592,2.0795269426759178,8.307414825897384,2.023610914894024,4.119109879765926,4.028811812515314,4.177271698442076,2.148626651674172,8.396581918045761,6.216529982776154,4.084224157539227,4.2307327732599065,8.377254064878509,6.26348972896453,4.178973233641668,4.046694943424942,8.460887683535502,2.134642505112531,8.262841841371117,8.374988064206063,14.390453159811436,6.282807060381482,6.259951920167061,8.378533667605899,8.184852205533172,6.345413097602917,6.27838121400195,6.207419112503316,6.302815849494596,6.339561017073125,8.48315946422852,8.235854748284199,6.237665691590245,6.266655330769759,4.087464499558626,4.232777122092456
DM0500VDE005001_2=-1.0,360.0,360.0,240.0,240.0,120.0,240.0,240.0,240.0,120.0,240.0,240.0,360.0,240.0,240.0,360.0,240.0,240.0,240.0,240.0,120.0,480.0,120.0,360.0,360.0,120.0,480.0,120.0,240.0,240.0,240.0,120.0,480.0,360.0,240.0,240.0,480.0,360.0,240.0,240.0,480.0,120.0,480.0,480.0,840.0,360.0,360.0,480.0,480.0,360.0,360.0,360.0,360.0,360.0,480.0,480.0,360.0,360.0,240.0,240.0
DM0500VDE005001_1=-1.0,57.47771409779137,56.496907876250724,56.672277917783596,57.138531018848234,55.25377419220329,56.84971286944252,58.12072735090247,56.88218461950515,55.60088984493256,55.41359208530823,57.43666644109736,58.0105164224187,58.622236727337636,58.23344527127044,56.83679202207991,56.67256651092813,57.003207265946855,58.80083733568092,58.45999250214356,59.94038212344153,57.25042828776436,58.979299517772695,57.99239676848052,58.62454596338556,57.705431719766516,57.77970765389694,59.29993711576931,58.265015259471134,59.57091350220214,57.45376823095051,55.84962836912504,57.166118866582345,57.910120436551416,58.76269047500117,56.72776156341182,57.29801153010168,57.47594640975241,57.43037501842472,59.30765806549151,56.731635964635004,56.21550199276764,58.091393882997274,57.31351451728944,58.37203253236584,57.299228917932325,57.508428913043886,57.28926075165564,58.64491965725509,56.73389493522429,57.33962111079421,57.99511737090037,57.117327968398016,56.786266277819706,56.582692100042046,58.281746663878444,57.71389776232473,57.446912427491,58.71610628689638,56.700363160476776
DM0500VDE005001_0=-1.0,3.0,3.0,2.0,2.0,1.0,2.0,2.0,2.0,1.0,2.0,2.0,3.0,2.0,2.0,3.0,2.0,2.0,2.0,2.0,1.0,4.0,1.0,3.0,3.0,1.0,4.0,1.0,2.0,2.0,2.0,1.0,4.0,3.0,2.0,2.0,4.0,3.0,2.0,2.0,4.0,1.0,4.0,4.0,7.0,3.0,3.0,4.0,4.0,3.0,3.0,3.0,3.0,3.0,4.0,4.0,3.0,3.0,2.0,2.0
DM0500VDE007001_3=0.0,2.032242510208259,6.222877915165961,10.249376619921565,16.96008259701024,6.370719175588457,10.720326666756678,8.39902557338515,12.544739999924142,12.407412579209206,8.419117993005214,6.385586971891969,12.850517727477998,10.350385333103993,10.404561387067886,10.242402406622586,10.397716340826758,14.716938465937078,12.61535510940816,8.368140463456333,10.271467101560214,10.287246573267229,10.50225453541322,14.868816426840704,10.395808806026698,10.53167494669452,12.401963507896767,8.458953312444443,16.803735545287957,10.234201066664264,6.089322605800513,16.822060240933798,10.54524989345191,6.258819601256404,18.976411197288883,17.064604532046584,14.53988963548731,10.482619071132772,18.991464857963265,18.93889793371723,8.602828509433083,12.743154407931149,21.17724741413037,12.73355115064334,14.777349675478387,18.664758811590136,18.93300092694721,17.862257570271474,21.005929794731053,15.101421286226019,16.890899133584533,16.858463238983767,16.84056087608315,14.70611962866136,16.964802244148306,10.307683649581216,23.51640695441418,16.76951973834302,16.978548316225112,14.856812471655108
DM0500VDE007001_2=-1.0,120.0,360.0,600.0,960.0,360.0,600.0,480.0,720.0,720.0,480.0,360.0,720.0,600.0,600.0,600.0,600.0,840.0,720.0,480.0,600.0,600.0,600.0,840.0,600.0,600.0,720.0,480.0,960.0,600.0,360.0,960.0,600.0,360.0,1080.0,960.0,840.0,600.0,1080.0,1080.0,480.0,720.0,1200.0,720.0,840.0,1080.0,1080.0,960.0,1200.0,840.0,960.0,960.0,960.0,840.0,960.0,600.0,1320.0,960.0,960.0,840.0
DM0500VDE007001_1=-1.0,59.048070984256064,57.85104655880092,58.54014563517831,56.603497919829174,56.508533821340066,55.96844374720194,57.14948666438461,57.39457334343748,58.029826557592365,57.013098093980204,56.37696292989907,56.02887099719249,57.96885629764907,57.66701523293008,58.580006543391505,57.70497870230339,57.07708854964722,57.073304219795226,57.360413833414945,58.414245410848984,58.324644570995254,57.13059019630707,56.494072956853465,57.71556703237613,56.970994930708194,58.05532321890406,56.744609205236415,57.130154031089816,58.626950564257776,59.119876430438154,57.06792070949748,56.89765591734066,57.51883309238265,56.912763365619796,56.256797407590774,57.77210288789424,57.23760406903375,56.867651235820695,57.02549344633504,55.79560251301946,56.50092410022771,56.66458801436623,56.54353538004387,56.84375198848414,57.86305683893217,57.04325501103438,53.74460625837956,57.126726201903125,55.62390347762582,56.83534028636828,56.944692193537634,57.00522726433569,57.119078398008504,56.5877506960704,58.20900411746503,56.13102386596638,57.24671994064253,56.541936455344704,56.539718839597136
DM0500VDE009001_3=0.0,0.0,2.1786274847333225,10.495217495580633,10.39926424984566,16.68721479945893,24.86455207936578,21.051804113838234,25.51225583557583,23.364606694419216,23.19604680724298,19.1312822743715,18.89357539712104,26.98502485174036,27.296077729668962,19.07980474119855,21.1126450382504,25.450256570960363,23.034557520822002,31.58955031602788,17.062491426713034,25.59515976137313,25.02863342081757,25.466440260540473,27.31698126277461,27.15241147138888,31.84055866175987,34.2867293234854,29.447931272311678,29.628211590082604,31.1453783132791,27.715399552489718,23.22259681239486,39.90440915729826,22.841132370876608,27.13206973405051,34.08084603373057,31.511491451375022,33.62024580355403,40.593620334301036,33.95455304071883,35.57992397609502,31.477534553942995,38.04560546542443,27.76133764029921,40.47005830706385,38.20568210891902,38.02861543694048,36.23134181550478,40.27333713460463,35.76504133360854,39.72556339296001,37.98758618832274,35.509517578430334,27.702760806264262,25.04434433182757,35.798052708924,29.42990903721614,38.13554101543365,36.1898907289693
DM0500VDE007001_0=-1.0,1.0,3.0,5.0,8.0,3.0,5.0,4.0,6.0,6.0,4.0,3.0,6.0,5.0,5.0,5.0,5.0,7.0,6.0,4.0,5.0,5.0,5.0,7.0,5.0,5.0,6.0,4.0,8.0,5.0,3.0,8.0,5.0,3.0,9.0,8.0,7.0,5.0,9.0,9.0,4.0,6.0,10.0,6.0,7.0,9.0,9.0,8.0,10.0,7.0,8.0,8.0,8.0,7.0,8.0,5.0,11.0,8.0,8.0,7.0
DM0500VDE009001_2=-1.0,-1.0,120.0,600.0,600.0,960.0,1440.0,1200.0,1440.0,1320.0,1320.0,1080.0,1080.0,1560.0,1560.0,1080.0,1200.0,1440.0,1320.0,1800.0,960.0,1440.0,1440.0,1440.0,1560.0,1560.0,1800.0,1920.0,1680.0,1680.0,1800.0,1560.0,1320.0,2280.0,1320.0,1560.0,1920.0,1800.0,1920.0,2280.0,1920.0,2040.0,1800.0,2160.0,1560.0,2280.0,2160.0,2160.0,2040.0,2280.0,2040.0,2280.0,2160.0,2040.0,1560.0,1440.0,2040.0,1680.0,2160.0,2040.0
DM0500VDE009001_1=-1.0,-1.0,55.08054995215887,57.16889623799129,57.69638943533,57.529073097994,57.91377199973795,57.00224044984295,56.44346032278248,56.49570811372958,56.90624833485977,56.45204458912726,57.162288095273276,57.80984114600103,57.15106820290107,56.60435285629431,56.83797543253935,56.58096200268137,57.30520322809722,56.980868103295464,56.26376453423585,56.260637301165524,57.53410407147039,56.545005319461126,57.10733499406989,57.45346050179771,56.53167141698988,55.99834215405482,57.04984789813112,56.70271372580393,57.79348646513485,56.28639764133809,56.841188376291385,57.13654325797736,57.79047984867225,57.496535107390415,56.336629615935394,57.1220185746383,57.108446238576725,56.16646116368764,56.546172105328736,57.33570429691218,57.18363987228235,56.77396833552807,56.19325769574792,56.337947000240355,56.53609308275518,56.799333217422515,56.30484265219805,56.6131381757516,57.03893869355058,57.39377381376677,56.860680467872875,57.449386505863544,56.31207701317792,57.49801156383152,56.98633991595453,57.084783982020625,56.64007753622367,56.36933295206166
DM0500VDE009001_0=-1.0,-1.0,1.0,5.0,5.0,8.0,12.0,10.0,12.0,11.0,11.0,9.0,9.0,13.0,13.0,9.0,10.0,12.0,11.0,15.0,8.0,12.0,12.0,12.0,13.0,13.0,15.0,16.0,14.0,14.0,15.0,13.0,11.0,19.0,11.0,13.0,16.0,15.0,16.0,19.0,16.0,17.0,15.0,18.0,13.0,19.0,18.0,18.0,17.0,19.0,17.0,19.0,18.0,17.0,13.0,12.0,17.0,14.0,18.0,17.0
